100
6 2 8 29 20 8 18 18 21
38 38 8 8 18 26 5 13 10 7 25 28 8 22 11 10 20 12 22 23 13 19 6 13 22 15 5 9 8 7 24 28 10 4 20 4 19 24 25 13 19
27 22 5 17 9 27 9 22 24 15 3 6 20 27 2 22 27 19 9 23 6 27 19 16 11 12 17 4 23 15
10 0 3 11 6 0 5 23 26 10 5 20 5
55 21 6 14 14 21 13 15 3 26 7 9 15 15 0 12 3 15 15 21 16 25 27 15 5 15 15 14 18 27 0 16 14 17 1 14 14 14 15 15 15 15 15 14 26 16 21 15 15 15 14 1 14 14 15 13 14 27
83 27 2 4 21 13 8 23 1 1 14 28 16 4 23 23 19 12 11 23 13 14 29 11 22 6 21 17 6 8 14 13 8 15 9 4 2 29 0 28 28 16 6 0 18 2 1 24 19 13 18 29 28 9 1 19 8 2 18 13 25 24 8 13 11 18 25 23 8 22 14 7 23 11 7 22 12 7 27 19 22 22 16 21 16 0
78 57 7 1 21 15 22 26 19 22 27 7 19 23 17 26 16 15 18 9 29 28 24 19 24 29 10 7 1 24 21 21 8 7 2 25 16 9 20 20 23 0 10 11 14 28 23 2 30 2 9 20 7 4 16 11 4 30 7 2 28 15 12 16 6 21 15 10 2 28 7 11 14 3 16 1 14 16 13 6 30
4 0 0 30 30 30 30
89 39 0 28 15 19 29 13 19 29 13 25 25 16 14 0 15 28 3 17 21 19 15 9 11 15 26 1 18 13 24 23 0 4 0 12 1 3 9 14 1 6 10 6 28 12 15 13 10 19 8 4 5 24 22 7 22 13 4 27 1 15 2 28 6 30 25 13 21 22 9 11 10 25 14 26 25 27 3 24 17 27 5 24 9 28 2 15 21 2 26 7
26 11 7 5 17 18 17 18 17 18 18 17 10 18 3 4 17 17 6 18 17 18 19 17 2 17 18 18 9
62 0 1 0 0 0 0 0 0 0 0 0 0 0 0 0 0 0 0 0 0 0 0 0 0 0 0 0 0 0 0 0 0 0 0 0 0 0 0 0 0 0 0 0 0 0 0 0 0 0 0 0 0 0 0 0 0 0 0 0 0 0 0 0 0
53 19 9 13 0 24 23 24 24 24 30 17 23 24 24 27 17 23 23 30 24 29 21 24 23 23 15 29 20 24 7 24 0 24 24 23 23 24 23 28 19 24 23 21 11 11 23 5 1 30 23 23 23 5 24 24
64 11 7 22 24 17 18 17 18 18 17 17 1 13 17 22 18 9 17 21 7 16 6 5 17 18 15 18 18 13 18 17 18 18 12 13 17 29 15 18 18 18 17 18 17 17 18 17 30 10 17 8 21 18 17 26 18 21 18 17 25 12 10 26 16 9 1
36 10 4 1 8 11 9 28 24 8 9 8 1 9 16 18 30 30 8 9 15 16 20 8 5 8 8 8 28 8 8 3 8 9 9 8 16 4 13
10 5 5 11 12 1 2 11 11 0 13 11 11
60 31 7 21 18 23 10 2 12 7 11 27 9 16 15 0 16 1 2 10 30 21 5 7 10 5 5 24 21 5 3 30 11 11 13 2 20 11 11 6 14 29 28 16 17 27 22 7 15 0 15 1 23 1 3 14 23 28 29 27 6 7 15
61 0 8 11 20 27 29 2 9 9 28 28 2 15 14 23 28 16 21 11 3 21 14 30 0 17 22 12 19 10 1 1 5 13 25 13 15 6 22 27 14 12 25 2 22 5 2 13 19 1 1 21 19 9 20 30 0 24 8 8 23 8 29 18
28 0 4 29 9 25 12 6 15 12 7 17 15 9 5 2 3 17 27 22 17 7 12 18 2 24 11 6 5 4 6
63 0 5 6 5 4 7 6 27 2 28 24 19 30 0 8 20 2 17 0 29 14 30 17 30 11 30 8 8 7 18 4 19 0 21 8 13 14 15 22 22 21 9 30 6 27 3 6 10 0 6 5 21 24 20 22 27 5 15 16 9 15 7 23 1 28
62 24 5 16 20 18 10 18 14 29 21 4 15 8 2 27 4 24 1 13 19 12 15 13 23 13 3 16 4 28 23 30 28 14 28 5 10 14 10 22 8 6 16 3 3 6 17 14 0 0 28 10 6 8 25 4 20 19 17 12 26 27 1 8 10
65 0 0 16 23 14 26 28 18 16 0 18 6 28 20 2 8 5 23 23 13 27 10 1 27 0 23 20 29 7 8 0 16 17 11 18 15 2 5 8 18 25 27 26 9 4 14 26 9 21 21 8 29 1 29 13 15 0 15 21 30 1 15 10 29 15 20 10
13 2 3 5 6 5 19 5 6 28 30 5 21 18 6 6
5 5 5 22 6 21 24 25
1 0 1 28
36 29 4 2 0 21 14 23 7 17 12 17 24 1 2 8 25 27 15 26 28 25 27 16 27 27 3 6 20 27 8 15 22 12 29 10 26 13 28
5 1 0 0 26 24 30 4
53 42 9 17 16 24 10 12 21 28 23 22 3 0 2 20 26 3 8 6 16 0 12 7 19 8 10 0 12 22 6 20 12 9 26 23 17 22 8 7 8 19 16 2 12 24 30 26 9 16 13 29 29 22 8 6
94 23 9 24 23 23 24 13 24 24 19 13 15 24 9 24 28 5 23 23 5 23 18 23 18 13 13 9 5 4 22 23 27 23 2 8 27 18 21 24 24 24 4 23 1 23 6 24 18 24 12 24 7 24 24 24 19 24 4 28 24 24 24 20 24 23 24 24 24 13 14 6 24 28 0 24 21 23 24 24 24 24 24 12 10 23 23 23 24 24 24 23 24 29 22 24 23
53 42 9 26 22 1 6 1 26 28 6 15 24 24 10 8 10 29 4 29 19 16 10 1 24 23 15 15 2 2 11 18 26 9 25 15 21 5 2 17 4 0 0 4 9 22 18 29 19 4 15 4 22 11 12 24
25 25 4 7 19 7 21 11 27 12 27 10 4 9 11 4 9 26 23 19 16 27 22 15 5 9 19 2
52 0 4 9 9 22 9 19 14 9 5 4 9 11 23 27 9 8 9 8 8 9 27 8 8 12 9 9 8 24 9 8 9 24 21 8 1 9 19 5 30 8 1 8 9 9 8 3 9 8 28 9 30 17 6
27 11 4 29 8 8 10 9 8 9 9 9 22 26 9 9 3 8 23 6 9 25 9 17 9 8 8 28 9 5
45 45 3 20 5 21 4 19 22 24 19 17 17 17 26 9 7 22 2 7 4 2 15 20 3 6 6 12 23 21 28 7 19 23 15 5 14 23 6 4 24 27 5 15 16 10 10 27
52 18 4 8 8 8 20 9 8 9 0 8 9 22 12 9 9 9 9 0 9 2 8 28 8 14 9 8 8 9 17 8 8 10 10 19 8 9 28 17 1 1 8 9 9 8 2 9 4 25 22 9 9 9 14
87 87 3 16 16 12 4 11 13 7 26 4 13 27 9 5 15 8 14 20 28 6 14 19 7 3 28 12 10 24 5 2 22 2 16 2 12 11 6 28 10 22 13 10 13 21 14 24 18 26 6 7 17 5 6 13 14 25 16 26 13 9 18 12 15 20 2 23 23 23 15 11 21 22 22 19 19 18 24 10 10 13 21 3 4 26 20 24 18 6
20 3 0 24 23 2 8 12 4 8 7 3 9 8 24 30 30 6 2 17 8 19 4
95 95 1 28 17 15 24 10 9 24 14 14 5 18 7 19 17 12 5 26 14 4 9 12 6 18 19 12 10 11 20 4 3 14 21 10 4 9 10 25 5 3 27 4 6 28 8 15 12 2 25 7 23 8 4 11 27 19 15 3 14 15 27 13 20 11 24 25 28 10 19 26 15 2 4 8 13 11 21 18 20 20 22 13 21 21 8 4 23 7 20 26 17 14 16 9 16 19
39 0 10 30 18 20 14 29 5 14 22 12 29 26 25 14 27 1 19 17 17 2 25 3 1 20 13 26 2 20 4 13 12 18 26 16 29 0 18 15 4 29
7 3 0 6 1 2 17 2 2 8
64 24 9 23 28 24 25 6 6 24 15 24 19 24 23 24 23 23 4 23 21 23 29 13 24 23 24 24 11 24 23 16 24 21 24 24 18 15 23 24 22 25 23 23 30 3 20 23 3 24 16 23 22 18 24 20 30 23 30 19 24 23 6 13 24 24 9
83 39 0 1 22 21 17 10 28 0 11 16 30 19 5 3 11 21 0 26 0 18 5 7 18 7 11 21 0 18 21 28 10 14 5 21 14 23 7 27 22 12 0 13 2 12 11 16 15 30 29 11 19 2 13 18 19 14 9 14 25 19 21 23 21 30 0 30 11 16 2 12 7 30 26 4 11 16 13 2 21 12 8 0 20 16
3 1 5 25 12 12
3 2 4 8 8 8
15 0 4 19 0 23 8 30 19 6 13 30 8 8 15 7 25 12
6 1 8 1 1 8 14 1 17
53 53 6 28 14 5 11 22 2 26 2 18 17 12 7 16 18 10 27 21 21 28 21 2 23 23 8 2 28 25 12 10 24 8 17 12 8 12 13 22 22 9 26 13 12 16 18 15 9 24 14 2 19 2 19 16
31 5 5 11 6 11 12 11 6 11 30 13 30 11 12 22 12 4 3 18 27 11 20 7 12 11 25 1 4 29 11 16 11 1
81 28 5 21 18 26 4 3 23 30 6 20 12 23 18 3 15 20 13 18 4 22 17 16 21 27 3 5 11 5 27 6 11 30 3 26 19 1 12 9 2 14 24 15 7 5 4 10 18 13 12 11 26 8 1 21 28 24 3 12 0 19 21 17 21 15 20 24 16 21 7 7 3 28 9 16 5 17 20 16 4 18 17 12
9 0 5 17 2 21 15 17 20 5 29 0
49 2 1 7 4 20 0 20 24 16 7 12 25 1 18 15 18 23 7 8 1 13 10 10 16 9 7 27 18 0 1 29 23 21 0 19 7 24 3 12 13 7 14 9 29 10 17 8 5 12 12 22
93 92 1 10 26 25 20 14 16 20 13 14 18 19 26 0 22 25 10 14 11 18 10 8 16 3 13 28 4 4 17 14 3 22 4 7 18 27 4 14 11 26 23 27 2 14 10 3 16 28 10 14 15 16 14 16 27 25 27 8 16 22 28 15 15 11 4 12 12 21 9 20 2 24 16 5 18 2 26 25 3 19 5 24 2 28 13 8 9 15 14 8 11 28 25 6
36 16 10 2 1 29 21 22 10 1 17 18 26 29 12 27 4 23 29 2 21 27 5 25 5 29 10 2 29 19 10 24 20 10 12 22 2 24 30
13 2 2 2 4 2 19 27 10 13 17 3 22 23 18 11
94 0 2 12 1 22 0 24 28 24 30 19 1 27 18 11 14 18 19 21 5 30 20 20 26 26 5 18 23 13 14 0 26 14 6 28 27 10 24 6 1 20 14 7 30 14 4 5 30 28 4 13 22 9 15 4 14 4 4 25 28 2 0 19 1 11 25 29 29 24 10 29 6 10 27 1 9 9 19 24 9 5 25 29 22 24 15 14 26 14 28 23 12 9 29 26 27
100 22 4 28 23 20 24 30 23 5 19 28 2 13 7 10 13 7 13 21 11 29 26 11 14 7 24 21 15 6 20 21 5 21 7 5 3 19 11 29 13 16 7 19 11 22 16 17 0 9 9 11 22 2 6 4 0 14 12 14 12 10 7 13 20 13 16 27 28 6 24 9 28 16 27 0 24 23 11 0 23 15 20 4 25 10 14 27 10 17 13 29 30 21 2 20 19 9 30 2 29 6 17
68 68 9 22 26 5 24 21 25 6 10 4 8 14 7 15 12 9 26 16 10 18 18 14 10 9 21 6 5 28 3 13 4 6 8 18 23 21 3 27 26 7 18 11 11 22 17 15 10 25 6 28 4 23 15 14 3 15 19 5 25 17 15 20 24 11 17 4 27 7 4
88 59 5 25 13 13 2 23 19 14 24 13 24 20 23 27 13 6 27 3 16 10 0 19 16 13 30 1 0 20 29 28 9 15 0 26 16 0 10 0 8 4 10 3 26 30 11 24 24 18 11 7 2 7 26 28 23 4 7 29 16 1 13 23 25 4 24 3 12 18 26 24 30 4 7 6 23 26 25 0 8 9 16 29 21 1 13 21 15 2 18
35 8 6 15 25 14 7 0 4 15 19 18 19 14 14 1 15 14 28 25 15 19 15 26 15 15 15 15 13 16 7 14 20 17 3 14 15 14
94 74 9 11 23 28 17 15 0 5 7 22 9 3 9 8 25 30 10 28 19 9 26 11 19 7 17 18 0 6 12 0 15 8 3 1 25 15 0 3 15 24 23 6 4 9 24 24 21 14 15 2 7 24 23 18 21 4 18 30 6 30 12 27 8 5 7 27 21 12 6 17 24 18 19 24 9 11 17 14 30 27 3 2 5 15 16 17 7 15 25 30 29 9 11 22 25
89 36 6 14 9 29 15 16 14 14 7 15 15 28 8 15 15 12 3 14 12 12 15 10 19 15 15 26 15 14 6 9 15 16 13 15 20 14 14 24 4 8 15 14 15 14 3 16 14 14 14 28 10 24 9 5 15 15 14 0 14 16 24 6 14 20 15 18 13 15 14 15 5 2 15 16 13 14 18 14 0 14 24 15 9 12 15 16 15 3 5 15
97 44 5 27 16 28 10 16 14 29 12 17 12 7 0 15 28 11 23 30 1 15 27 25 28 18 0 21 26 10 8 20 26 7 22 2 8 22 12 21 20 15 11 16 27 3 5 5 12 11 13 15 18 30 6 21 15 30 29 24 21 15 26 12 28 5 13 1 2 26 9 27 11 15 14 29 13 29 20 28 15 6 20 17 27 26 12 20 15 17 28 5 12 8 7 18 26 18 22 10
52 31 2 3 3 23 0 10 7 21 12 9 25 9 0 25 13 17 20 14 26 23 27 15 9 4 13 20 15 22 11 13 14 5 7 17 6 1 4 29 8 16 7 20 11 12 25 19 15 12 3 13 30 23 11
80 25 1 24 8 16 0 23 8 17 30 27 24 15 6 23 6 23 22 15 19 26 28 15 24 1 12 20 10 8 16 3 30 11 16 18 6 9 18 10 23 28 28 6 3 12 12 10 25 12 2 8 13 16 25 9 7 5 30 13 17 18 11 26 21 19 24 28 4 12 28 11 0 18 9 9 20 3 17 0 27 2 10
47 0 8 0 0 30 16 8 29 29 29 13 27 15 1 20 11 26 30 2 23 27 4 18 8 19 15 10 16 10 28 24 16 10 17 17 14 9 6 20 23 11 12 11 2 13 2 18 28 9
42 0 2 20 24 8 5 3 30 12 12 24 3 6 1 27 10 1 4 16 20 1 27 29 19 21 16 25 5 10 13 5 18 19 29 23 8 26 0 15 16 1 24 1 30
11 1 7 14 9 10 8 19 22 1 20 30 28 11
93 72 7 26 5 3 0 10 17 1 11 14 20 5 30 16 4 8 27 17 2 30 12 19 13 26 23 20 3 20 4 22 25 3 20 17 19 14 30 16 24 8 29 25 11 9 5 2 12 7 25 16 28 24 0 3 16 28 26 28 16 13 0 12 24 12 21 18 16 13 21 30 0 16 2 29 30 22 25 3 26 14 19 21 22 22 10 29 12 2 4 13 4 21 23 11
55 16 3 5 19 16 3 24 9 5 20 6 5 7 29 28 10 5 27 29 18 6 27 5 5 2 6 20 5 5 6 25 6 6 10 10 5 17 5 5 5 5 8 5 5 6 5 12 18 6 1 6 5 6 22 6 6 14
86 32 7 7 9 16 29 4 7 24 5 0 22 12 1 7 30 19 17 8 16 10 15 27 28 22 29 0 7 7 23 18 1 21 1 19 17 13 21 8 30 19 28 24 29 28 23 23 7 21 23 27 12 10 19 15 6 13 13 13 16 3 17 3 19 1 29 26 19 7 15 5 25 23 28 26 14 22 18 21 22 29 9 15 20 4 15 12 23
36 16 4 14 23 28 17 14 8 8 9 8 9 9 9 9 9 0 8 8 26 8 9 9 8 9 8 28 8 23 9 8 24 9 9 7 27 12 9
100 36 9 14 11 25 27 8 19 9 10 22 30 15 14 13 21 16 16 13 16 9 29 0 2 5 11 29 4 23 25 27 23 15 11 13 1 9 6 4 10 30 29 26 29 3 6 2 5 20 5 24 24 15 30 29 3 15 11 5 7 23 11 26 23 27 29 3 16 16 16 7 7 25 0 11 0 22 5 1 8 7 8 17 9 0 5 20 13 30 19 4 15 22 3 9 25 17 24 29 0 3 17
41 0 10 30 30 30 30 30 30 30 30 30 30 30 30 30 30 30 30 30 30 30 30 30 30 30 30 30 30 30 30 30 30 30 30 30 30 30 30 30 30 30 30 30
81 30 9 5 27 8 12 26 18 29 22 17 27 9 2 24 22 19 9 25 18 11 24 20 2 23 3 14 30 21 13 17 18 2 2 23 26 0 25 8 20 27 18 17 20 30 30 8 17 19 6 0 11 5 26 5 6 0 8 19 29 11 30 18 16 23 5 7 10 5 29 18 16 25 17 8 4 18 9 28 19 1 11 7
33 33 7 12 19 4 11 10 13 12 16 25 20 7 24 27 13 25 11 23 26 17 28 7 8 15 6 24 18 21 23 6 9 24 7 23
26 26 10 19 25 20 12 16 11 20 17 19 12 7 2 20 28 12 20 22 13 18 4 20 6 16 19 2 13
53 0 7 10 20 24 1 5 21 14 30 23 4 24 0 8 26 26 3 2 30 24 25 12 7 27 26 18 5 23 30 4 3 8 18 12 26 25 12 19 23 5 25 29 28 13 13 16 27 5 0 15 16 8 16 8
37 37 5 6 4 3 11 23 14 20 14 9 17 22 12 25 4 17 21 18 11 4 22 15 26 25 10 16 26 27 11 19 19 12 25 18 3 19 26 24
53 11 3 5 12 5 24 6 18 6 10 5 6 30 5 6 28 16 0 6 6 0 7 5 6 29 6 25 2 14 6 24 5 12 7 16 5 6 0 5 12 6 5 6 6 5 5 7 6 5 6 2 5 5 6 6
81 81 2 18 8 9 28 12 4 2 24 12 19 10 23 9 2 20 23 5 19 28 3 27 4 11 19 25 5 11 23 10 23 13 11 12 15 10 20 19 26 26 4 11 3 13 28 8 2 23 19 16 10 8 24 4 10 14 27 21 28 13 24 2 20 26 9 22 6 4 9 18 27 11 3 26 25 20 20 12 18 9 13 21
5 1 5 9 29 9 30 9
57 26 4 2 13 24 25 21 0 7 10 13 0 17 22 24 22 17 8 20 28 29 5 16 28 22 25 25 16 5 9 12 20 8 6 26 13 16 4 8 13 21 16 16 19 17 22 7 5 13 24 9 2 10 9 24 21 27 7 2
95 31 3 28 11 20 4 27 26 15 4 25 24 9 18 1 13 26 19 17 8 7 25 16 19 0 10 17 17 25 8 9 0 11 23 8 21 21 5 19 8 14 24 20 25 0 26 12 19 13 5 22 10 27 19 16 12 15 23 25 8 7 3 7 25 7 17 25 20 23 30 19 0 2 30 14 16 15 0 1 22 28 13 22 12 9 18 14 2 0 30 18 26 10 24 21 24 18
55 0 0 9 1 7 5 6 11 9 24 13 16 0 25 5 9 8 3 6 12 4 25 3 0 5 21 18 9 19 15 3 6 3 7 10 25 16 21 5 27 3 21 8 22 10 15 8 13 0 7 6 18 2 28 5 10 0
57 9 3 6 5 18 6 5 5 5 5 5 3 6 2 27 30 6 6 6 6 5 13 5 6 6 3 28 10 6 28 6 6 13 5 5 5 12 18 5 2 5 7 5 6 6 4 5 5 27 6 2 20 3 3 6 6 9 5 4
42 14 4 8 8 8 27 30 12 8 27 9 11 10 14 8 8 9 15 17 0 15 8 9 28 8 23 9 8 28 8 18 4 8 13 8 9 6 19 9 9 12 8 26 22
53 21 4 14 8 8 9 18 9 5 9 12 6 28 29 9 18 9 8 8 8 27 1 14 9 8 22 9 8 4 8 8 9 14 7 16 8 14 26 8 9 9 13 9 9 8 7 4 8 9 23 8 8 15 17 9
47 14 7 17 18 17 1 4 3 24 18 18 17 25 3 18 9 20 17 18 1 17 17 18 6 17 18 18 18 11 18 17 17 17 24 26 17 17 20 16 15 18 24 18 28 18 11 18 18 17
1 0 0 0
41 0 2 15 26 20 27 14 1 14 18 25 6 15 20 28 0 26 3 0 9 1 19 3 8 2 17 17 30 7 9 22 17 27 2 27 16 12 23 7 22 22 21 17
36 13 2 2 2 18 3 1 2 0 18 6 2 2 12 2 13 14 2 9 2 3 3 3 2 2 2 0 3 2 14 2 29 2 1 6 16 2 2
70 28 3 27 7 27 3 23 21 1 7 17 25 29 0 2 13 25 25 8 19 17 8 14 27 0 16 23 17 8 29 28 12 10 14 11 26 20 23 9 12 12 26 5 10 27 0 11 30 4 17 23 2 21 28 8 1 8 25 13 27 22 21 25 14 2 0 27 28 30 2 0 7
87 9 5 18 11 10 26 8 6 2 29 21 10 17 22 14 27 28 1 13 22 7 25 16 5 12 12 3 18 5 10 2 10 22 12 9 8 25 16 22 6 6 21 20 23 3 29 21 1 9 16 7 11 24 7 2 28 9 19 29 6 2 6 26 8 29 0 20 4 30 0 18 11 17 21 4 5 1 10 11 29 27 23 18 5 1 2 16 5 30
66 41 7 30 0 26 0 27 11 13 25 19 18 11 7 21 8 21 16 23 17 21 15 5 11 28 9 3 28 13 23 8 27 9 4 0 27 26 13 14 19 27 19 4 16 26 28 9 4 15 1 14 16 15 14 8 23 8 18 24 16 24 27 1 13 16 25 17 17
28 6 9 8 17 24 0 9 17 9 14 3 5 2 24 23 24 23 21 16 18 24 23 24 23 26 24 24 22 5 0
17 2 0 17 6 16 11 8 22 3 10 9 13 27 16 23 25 16 22 29
60 29 3 6 5 2 9 7 22 5 6 6 5 5 18 5 27 6 6 6 17 21 5 26 26 18 30 6 27 5 6 23 6 3 26 5 6 5 23 18 3 6 5 6 5 6 6 11 23 5 5 5 21 6 5 5 5 27 5 6 11 6 17
61 21 9 4 3 23 23 24 12 23 23 24 4 23 7 22 0 23 23 2 7 23 20 24 24 23 24 24 23 23 7 23 24 27 23 23 23 1 9 9 24 23 23 24 4 24 30 24 9 1 24 23 24 1 23 15 24 23 23 14 30 24 23 24
36 3 4 8 2 8 18 2 9 27 9 8 9 9 8 8 10 30 8 8 4 8 21 8 8 8 28 14 9 8 8 15 4 9 8 26 21 8 8
25 0 1 12 11 10 14 10 7 16 19 23 27 18 8 13 14 12 20 12 15 27 22 6 7 14 23 11
40 15 2 2 2 24 2 2 29 2 6 24 18 0 3 18 3 26 3 3 24 30 3 27 3 3 21 18 7 15 2 24 2 2 29 2 15 3 17 2 3 18 3
